# k=9 gammaNum=33778208968551008611941847 gammaDen=468969148312842431816747640
# NODES 512
0 1 963946612 622437121
1 0 8659840309 5882423631
2 1 435115961 407107840
3 0 497449805 465701213
4 1 635352462 320518495
5 0 9809132027 4919798037
6 1 471957413 297200820
7 0 882045947 557013519
8 1 950249551 849047892
9 0 1493016217 1348187399
10 1 362241002 332942587
11 0 1780925065 1673197358
12 1 1706483887 1097104380
13 0 709646701 455147508
14 1 185993730 124374761
15 0 832983619 562206954
16 1 3776465437 1987359246
17 0 1179726456 617817715
18 1 1363633559 1210853428
19 0 77577004 69667395
20 1 429254747 220589352
21 0 5522397709 2835256986
22 1 204169489 176262733
23 0 249173038 220329485
24 1 1470502775 982115112
25 0 218332331 145735678
26 1 1722963735 1524275902
27 0 2717225929 2403833988
28 1 883487154 563827625
29 0 1552357098 998130023
30 1 826987673 674889300
31 0 800180282 652698171
32 1 1760377315 1454738367
33 0 442259351 380730546
34 1 1479770905 1375359427
35 0 248563331 245670195
36 1 8642486712 4391450519
37 0 1394823289 707185484
38 1 1166605017 634650338
39 0 1633187180 886859259
40 1 19345775285 17164333284
41 0 288346693 259178947
42 1 516925811 472289314
43 0 1071820229 1000654830
44 1 168049383 88378495
45 0 42589515369 22221355345
46 1 1329070377 711931363
47 0 2072146761 1099030600
48 1 124187056 79147107
49 0 1773757795 1123592962
50 1 941990415 870154744
51 0 522071989 477134564
52 1 1073457943 563368304
53 0 1343636737 705616586
54 1 164258881 105471010
55 0 13512056707 8741190906
56 1 720687668 484284717
57 0 133783651 89863308
58 1 118639629 108991478
59 0 15237181 13929350
60 1 1080776407 600114412
61 0 2167002128 1201223121
62 1 702654629 461572187
63 0 1032061231 679692100
64 1 591811931 329487596
65 0 872740267 485446120
66 1 1162807093 1049044344
67 0 225260981 202422983
68 1 2201376734 1100357929
69 0 2544207175 1266061634
70 1 4151071300 3338386869
71 0 705811259 576973132
72 1 309449098 268260663
73 0 2429819025 2101555484
74 1 529481129 481942682
75 0 12853416599 11983384620
76 1 100186819 72050202
77 0 21125706323 15747757020
78 1 230312677 175137930
79 0 864612031 689719345
80 1 1670665229 880510806
81 0 1550528221 812268630
82 1 658443107 573566676
83 0 21859203 19045880
84 1 1120237789 575400890
85 0 1928421044 988741893
86 1 953887424 798133465
87 0 1406350503 1183743550
88 1 707921497 542262650
89 0 1524187843 1224271101
90 1 177692599 154536058
91 0 3271641697 3023938080
92 1 499952413 363126214
93 0 1542106623 1164978340
94 1 18729987855 15094415204
95 0 97375301 83170770
96 1 179179168 123131175
97 0 328758397 226103742
98 1 1202882431 1176275892
99 0 997039591 967536906
100 1 1280745689 664243764
101 0 1253416687 648166225
102 1 7922015 4799007
103 0 1804073283 1097453156
104 1 1279620484 1116549567
105 0 1260068959 1104850684
106 1 720188065 663875651
107 0 1229339915 1159885522
108 1 33018760648 19410733125
109 0 3439066561 2268454212
110 1 9274501 5693843
111 0 342696577 237599292
112 1 4576844743 2916661746
113 0 11841043262 7561059691
114 1 447428101 411742068
115 0 9701681331 8744408150
116 1 4701606282 2435835215
117 0 292568227 151283030
118 1 1751008888 1104175165
119 0 795019135 504216678
120 1 858217086 660660803
121 0 112692799 89985057
122 1 421667431 368932516
123 0 110781687 103030876
124 1 990033344 582142071
125 0 230111394 149341985
126 1 787394397 514309750
127 0 1095721747 796016650
128 1 834001445 578744088
129 0 10929313 8032115
130 1 1057928629 912430712
131 0 3021587518 2899220779
132 1 1130480002 564578145
133 0 299871157 148651538
134 1 5122822587 2939878186
135 0 1648080964 945076557
136 1 450834399 397035775
137 0 310436782 275980965
138 1 184508151 168014264
139 0 589067459 544272365
140 1 1981225025 1111236018
141 0 10214061169 5676356727
142 1 1593307033 897491230
143 0 5991468908 3375017987
144 1 1338979016 719797305
145 0 1757098065 937532123
146 1 1095586411 971720824
147 0 1001883703 906184656
148 1 46462517 24016684
149 0 1699186945 877159586
150 1 19569509052 15610424659
151 0 1477836307 1213206750
152 1 12522450479 7777222883
153 0 399344128 247803271
154 1 80297332 71357177
155 0 18597215057 16526990161
156 1 2307016847 1362476703
157 0 1657670140 980123643
158 1 2322776207 1869452130
159 0 418885759 338959572
160 1 1939086538 1587393087
161 0 1058187607 894002180
162 1 1330811345 1220162866
163 0 59315444 57472725
164 1 130648711 66429231
165 0 211288608 107122451
166 1 2518326236 1379133593
167 0 2918136713 1599686550
168 1 629036561 551061633
169 0 942635669 831651817
170 1 1409341317 1271057623
171 0 1118027537 1025501478
172 1 3285468467 1742708325
173 0 3741549793 1961269916
174 1 2449710043 1343108078
175 0 1260379108 683479789
176 1 694879373 408893010
177 0 1020799394 599668823
178 1 10816764433 9682856646
179 0 945337651 846828291
180 1 5025009418 2582726139
181 0 2539354146 1305544757
182 1 1446510917 1064386152
183 0 2763621517 2030351580
184 1 660436023 406428203
185 0 1455060724 894999921
186 1 401561383 357524769
187 0 1733205323 1544645115
188 1 1088331303 593813402
189 0 4434757439 2411321620
190 1 557292702 422373041
191 0 912774001 698267630
192 1 6906600780 4339925221
193 0 1109098805 700679988
194 1 641128435 606274422
195 0 85691668 80565845
196 1 2886830374 1440854277
197 0 14013951859 6933503900
198 1 558484799 366890460
199 0 420769321 278615662
200 1 458894771 399126015
201 0 20074978201 17420012365
202 1 563696759 517058632
203 0 22129728707 20831504241
204 1 1160710393 799963170
205 0 444728329 314376980
206 1 1669842451 1204775502
207 0 1046884797 781595291
208 1 742298225 398933424
209 0 1611629112 865814705
210 1 22301917234 20423486415
211 0 22097141771 20524064760
212 1 9693026869 5002058412
213 0 230932417 119013273
214 1 295661181 241743242
215 0 17148439 14378634
216 1 7012932007 5072332500
217 0 20080721944 15403590851
218 1 17528393047 15452154192
219 0 5049072853 4432799760
220 1 1679889973 1179899983
221 0 602264977 435735648
222 1 328737342 262713739
223 0 38895006 30768209
224 1 1107650731 759827799
225 0 71094817 48747345
226 1 865095977 836714526
227 0 145474075 138621816
228 1 876925351 452619320
229 0 38865823 19989920
230 1 43248112 26237043
231 0 14046887216 8543769735
232 1 401919395 351102514
233 0 159682585 140100961
234 1 410765299 378964960
235 0 237415865 224207841
236 1 69383431 41098825
237 0 36805919 24417558
238 1 2921294979 1809214822
239 0 1342769173 937260258
240 1 511450550 299704941
241 0 384086073 225225926
242 1 306786433 277473508
243 0 573415489 518918199
244 1 27841623 14235650
245 0 1948282145 995453112
246 1 5584092784 4048048921
247 0 3403517855 2467777352
248 1 2159220451 1591844922
249 0 1720843587 1319122942
250 1 1644282836 1475755027
251 0 603544023 540208550
252 1 423095191 253770238
253 0 2375183491 1576690934
254 1 1079670918 807788249
255 0 1712904889 1274816793
256 1 3108851843 1979062599
257 0 5739480548 3654322295
258 1 1659578527 1552046412
259 0 889089206 813431175
260 1 342946411 175728943
261 0 1665360457 849527975
262 1 3649288203 2395730402
263 0 1455806351 955158204
264 1 901699543 804665192
265 0 149466789 134402375
266 1 992437717 911977692
267 0 4893292219 4589100590
268 1 1849501211 1212818168
269 0 1317757843 894441110
270 1 1013793901 690371450
271 0 730994402 526595433
272 1 32171603 16863270
273 0 2975163220 1560378489
274 1 1536814185 1370515196
275 0 28611041 25809210
276 1 1062781019 544615701
277 0 1065171007 545132066
278 1 13584968477 11741713730
279 0 841225451 744390200
280 1 1219351802 822326771
281 0 2142018209 1465122714
282 1 54741269 48688612
283 0 337735919 307491420
284 1 2610484237 1692350364
285 0 519794113 347986995
286 1 1364248151 1127606327
287 0 85516438 72794555
288 1 917901284 756683757
289 0 80983799 69171305
290 1 901631606 837338931
291 0 76549673 75487500
292 1 3735633987 1933312348
293 0 146709202869 75844956716
294 1 21512152897 11930322690
295 0 1911996617 1059321081
296 1 1578756313 1396960587
297 0 1114957357 996060813
298 1 753634040 687167217
299 0 310216247 288438093
300 1 21582381855 11865766346
301 0 5212151184 2853866183
302 1 65800427 36868170
303 0 108991163 60585036
304 1 827490781 531443325
305 0 13068994837 8595034981
306 1 156125465 144925616
307 0 2520876341 2395515262
308 1 26390895729 13762379474
309 0 410453213 214077915
310 1 10168775825 6379320526
311 0 1491813147 945759523
312 1 476802051 324059512
313 0 406799524 283285083
314 1 1024465353 945461330
315 0 86108957 80354114
316 1 1206344695 672378764
317 0 248427635 138277854
318 1 699552511 451107375
319 0 2080955713 1346718230
320 1 300492397 167221376
321 0 321386656 178571055
322 1 1560799487 1406592597
323 0 241920665 217550812
324 1 630295413 314860285
325 0 20225605301 10060428727
326 1 834772898 670861879
327 0 1388189092 1136356249
328 1 37778615 32706432
329 0 102331823 88358550
330 1 3844551506 3496546875
331 0 4719847546 4400098593
332 1 26018373948 18720089291
333 0 38401490942 28681795139
334 1 1642650354 1248315995
335 0 2032391996 1619325519
336 1 3868358945 2035835247
337 0 115096589 60150200
338 1 1101309096 956371027
339 0 36209363 31477017
340 1 162435331 83315232
341 0 2530553091 1295678930
342 1 985358355 822180866
343 0 1684730612 1415193059
344 1 1474613144 1127217447
345 0 282442327 225459300
346 1 1405357294 1220986387
347 0 120802729 111622986
348 1 3137817589 2274151763
349 0 3469805990 2602518447
350 1 593621771 476474028
351 0 459784124 390032021
352 1 114629252 80268985
353 0 507167965 374157984
354 1 166872162701 166871328750
355 0 343156855 340048877
356 1 300558731467 155945032089
357 0 17842076215 9226423563
358 1 136493486 80533453
359 0 486496456 288668765
360 1 329504708 287638777
361 0 94498920169 82991245198
362 1 937358007 862912771
363 0 1481105071 1397764280
364 1 12910353953 7530822426
365 0 13719609703 8177987070
366 1 629925319 383669750
367 0 4602814735 2906751367
368 1 321778832 207470175
369 0 6998591702 4682678771
370 1 790456971 733417706
371 0 553222099 532594326
372 1 90380608 47025893
373 0 1483471662 770908061
374 1 758716685 471331689
375 0 3779579329 2372293494
376 1 1209847583 931311097
377 0 447456362 357550791
378 1 748113014 652791189
379 0 2300002798 2138560535
380 1 1020607033 592194375
381 0 1658828515 975986592
382 1 1747806733 1114942140
383 0 488991035 317793639
384 1 183159111 126399403
385 0 186402753 130668932
386 1 2220235673 2083224522
387 0 1564161361 1448294475
388 1 2772132425 1399368053
389 0 1118412277 560626035
390 1 2213839577 1314028716
391 0 1634117819 970828125
392 1 218804187 199935910
393 0 416802491 386208682
394 1 1189126977 1121994764
395 0 19353622262 18875990215
396 1 1825239089 1137536147
397 0 1261967365 783470666
398 1 479958845 304143084
399 0 3969809575 2547447174
400 1 1590430897 854536170
401 0 2204260449 1176305930
402 1 31805971957 28222256199
403 0 28282593659 25595117750
404 1 71038355 36672636
405 0 6641752559 3423060180
406 1 14699019313 11711635271
407 0 2270187055 1861162446
408 1 380879673 242377871
409 0 2348559659 1510015122
410 1 6926940794 6150160841
411 0 221311841 196553175
412 1 1381746063 838692809
413 0 9876952466 6089345067
414 1 1986741400 1600033003
415 0 1569523687 1273292508
416 1 152864060 126159943
417 0 2709751901 2321579962
418 1 377520967 348748505
419 0 142953673 140192261
420 1 2232573699 1137729116
421 0 10817166601 5495437464
422 1 1300546183 709422467
423 0 341733229 186481607
424 1 878009967 776855944
425 0 374125463 334614540
426 1 2910513493 2650134102
427 0 488629115 454201256
428 1 3755067267 2045119282
429 0 4929315395 2659641888
430 1 2389500921 1330075646
431 0 797983978 439926565
432 1 93099884 56273217
433 0 7051019267 4359416376
434 1 11013885134 9906420911
435 0 992760110 894702311
436 1 23511691019 12432715949
437 0 1405156852 744633421
438 1 2750630065 1965540122
439 0 129281290 92331369
440 1 3329321324 2088924031
441 0 555803879 349932784
442 1 1018068468 910406315
443 0 2362493201 2116922037
444 1 3676701205 2075386218
445 0 3335204615 1885273288
446 1 1125857051 838101090
447 0 311384743 232833692
448 1 1633573893 1028043185
449 0 391943532 248511043
450 1 967553516 913246719
451 0 2643648373 2483253674
452 1 1448395303 726442100
453 0 2022371207 1005043328
454 1 50491547 33258288
455 0 1177373479 782154004
456 1 180882814 157270905
457 0 1564811168 1357815525
458 1 375261277 344067633
459 0 921682687 867481936
460 1 355597919 244765866
461 0 496614278 349201449
462 1 1176274304 848157095
463 0 383275028 284524009
464 1 869046359 466588866
465 0 112581978 60422371
466 1 149234080 136480743
467 0 135697269 125834813
468 1 2277776113 1175456765
469 0 382551430 197152983
470 1 1191074749 974227436
471 0 1834403153 1538644640
472 1 35748502 25808125
473 0 474557767 360957285
474 1 620979085 547202538
475 0 608768915 534277474
476 1 99750445 69901416
477 0 185328263 132853030
478 1 749992174 598730751
479 0 1475370510 1164763261
480 1 525621769 366009116
481 0 245963887 182129556
482 1 1174101817 1151860236
483 0 605334415 592629741
484 1 2649089843 1370200689
485 0 4213038943 2171448444
486 1 905252156 534728723
487 0 450537811 267580110
488 1 5052943523 4419539143
489 0 155549047 136930849
490 1 182284772 168013125
491 0 1800021959 1701787131
492 1 1217600925 717708691
493 0 592012379 356579422
494 1 178692853 110006442
495 0 386280913 246074889
496 1 264686179 158011284
497 0 1224525725 744277554
498 1 33102352153 30015888884
499 0 605793664 550448583
500 1 2141149083 1124812240
501 0 90329695 47482247
502 1 184074294 130218835
503 0 265970580 188460079
504 1 1370597457 1010136478
505 0 460666513 345028190
506 1 114443491 102614136
507 0 1110767753 981273868
508 1 808509881 482084211
509 0 19894448757 11947064693
510 1 1123403296 827887283
511 0 820458611 593425612
# EDGES 1024
0 0 1 2586439807 1733750764
0 1 0 153302934751 3151567812
1 2 1 18416713484 1232346549
1 3 0 -313481873681 7401837588
2 4 1 515756966 6708825
2 5 0 28010676837 291905117
3 6 1 -14143622850 377747897
3 7 0 -273302651543 7970655693
4 8 1 -523345258 25755975
4 9 0 10465825109 539840700
5 10 1 -12626946719 567724048
5 11 0 -10448434925 242601838
6 12 1 2292356711 90007184
6 13 0 79250503385 1092691481
7 14 1 -3307220239 172192020
7 15 0 -14416472253 729485810
8 16 1 -3261665570 284427729
8 17 0 109729387 5674491
9 18 1 -13490687143 394359820
9 19 0 -51238674449 794317988
10 20 1 59210304373 1824050864
10 21 0 39175059023 779171600
11 22 1 -42282968113 787207982
11 23 0 -7483320926 148265245
12 24 1 1299887249 142862352
12 25 0 312181857 5678432
13 26 1 10545242931 529240645
13 27 0 -38235512581 1039227765
14 28 1 1270452643 33778140
14 29 0 26726659073 315598140
15 30 1 12973851023 972768802
15 31 0 -27543285881 1217598840
16 32 1 -17054495957 577412814
16 33 0 2323533521 179617511
17 34 1 -21934202558 914119797
17 35 0 -23015379451 356271840
18 36 1 23517790929 560122660
18 37 0 27990874639 473244210
19 38 1 -10839773617 208465715
19 39 0 -70087615633 1285917478
20 40 1 -42244752385 1196730072
20 41 0 1849434411 1100804020
21 42 1 -22307443454 575551175
21 43 0 -5803308501 101283325
22 44 1 1326546762 95286719
22 45 0 68429595869 1403733067
23 46 1 -16082334707 431949260
23 47 0 -14518025458 329992865
24 48 1 630711823 143835577
24 49 0 40025885111 796447869
25 50 1 15793966289 908258784
25 51 0 -17448223771 432080736
26 52 1 36667738716 446874305
26 53 0 41643619299 410724385
27 54 1 -124807638794 3768873225
27 55 0 -16576122351 551772748
28 56 1 12788022403 977480306
28 57 0 16009753885 270023446
29 58 1 7637785049 310753638
29 59 0 -9296391049 279217341
30 60 1 92990084779 1272935716
30 61 0 170043530505 1532235551
31 62 1 15159552171 4368206605
31 63 0 -12519186814 881525015
32 64 1 -8568582569 412153170
32 65 0 8091335425 375900954
33 66 1 -3257932933 180877405
33 67 0 -63074744683 922696796
34 68 1 84764250002 1792160439
34 69 0 62674167255 952107902
35 70 1 -35648295251 616880160
35 71 0 -6591767837 116644320
36 72 1 -38125940453 1103747260
36 73 0 673311534 177137777
37 74 1 -29651879471 799922106
37 75 0 -71169125300 1279587447
38 76 1 -343495203 144847540
38 77 0 6204666258 143858035
39 78 1 -41175273852 1009923347
39 79 0 -46635267426 1155858365
40 80 1 -21633380573 1219989384
40 81 0 96531581 8093412
41 82 1 -41018241909 1122525580
41 83 0 -14951377157 218767140
42 84 1 44352893606 1564866173
42 85 0 50569924041 1144205731
43 86 1 -57554072061 944118890
43 87 0 -239511868446 4232235865
44 88 1 -677459131 30898252
44 89 0 4476433217 183747080
45 90 1 -19302116704 1989174613
45 91 0 -405391586814 6920095043
46 92 1 273311163 35867090
46 93 0 37374947591 694459860
47 94 1 -23343679329 1646982914
47 95 0 -119074618927 2720119282
48 96 1 647997603 375643682
48 97 0 83300468166 1698755471
49 98 1 7456247047 532102318
49 99 0 -51964100251 1219675543
50 100 1 41622045053 520984341
50 101 0 144530012096 1457760729
51 102 1 -26553829461 746691655
51 103 0 -34477410323 1091400615
52 104 1 -16884639080 868538267
52 105 0 24220162313 1230312682
53 106 1 -156504120063 7332816490
53 107 0 -145799117697 3442960960
54 108 1 81469113812 2921769175
54 109 0 42316089481 566077112
55 110 1 -13270714713 734495888
55 111 0 -20154870610 1103523499
56 112 1 17640959659 3695763116
56 113 0 87340307611 1693723731
57 114 1 10825743959 610778346
57 115 0 -17590340277 444458149
58 116 1 37984812157 454548386
58 117 0 24335266425 240204092
59 118 1 -11273817667 361319136
59 119 0 -6646119293 240357012
60 120 1 142011771 97721884
60 121 0 29401397473 633028708
61 122 1 2839605137 228542237
61 123 0 -16123200437 417433555
62 124 1 17671651339 333844790
62 125 0 854515088594 8435483955
63 126 1 4315902733 426526142
63 127 0 -6254728523 507784155
64 128 1 -6453386299 280790055
64 129 0 6401698508 286302315
65 130 1 -1833172117 226426031
65 131 0 -126354071661 1999268141
66 132 1 38457179027 692508070
66 133 0 729242991 10053610
67 134 1 -10440417763 187295745
67 135 0 -16840848007 321027364
68 136 1 -43080477302 1463761203
68 137 0 8208767009 1144139934
69 138 1 -11869963527 354044786
69 139 0 -75868684269 1451566166
70 140 1 5542098959 907880662
70 141 0 19672801375 380188328
71 142 1 -139107547399 3806038314
71 143 0 -8202065825 217203012
72 144 1 -22354558279 1314469695
72 145 0 1959088918 143385935
73 146 1 -88528259857 2317632268
73 147 0 -19513542331 287077684
74 148 1 28319944057 1014368862
74 149 0 19421358110 418199179
75 150 1 -108331874414 1831045903
75 151 0 -60599045380 1083373959
76 152 1 -14704950659 1166649476
76 153 0 1210722697 36114064
77 154 1 -6139751 236649706
77 155 0 -16962018572 294581531
78 156 1 10125327579 610796084
78 157 0 37895474654 595824307
79 158 1 -20049635034 3102973715
79 159 0 -448169073 10633582
80 160 1 -29620726945 927689954
80 161 0 33710783928 3631232933
81 162 1 -14066984761 532248504
81 163 0 -35342926453 527679960
82 164 1 37166297335 1016458872
82 165 0 43716595479 814511489
83 166 1 -8281918271 153169146
83 167 0 -4197277307 74085066
84 168 1 -40361649641 1045482971
84 169 0 -2747194165 1371541769
85 170 1 -37127224336 951404129
85 171 0 -41692903426 703585041
86 172 1 1893967033 141207207
86 173 0 41673247049 892331642
87 174 1 -467916068471 11966190335
87 175 0 -28392111907 614587347
88 176 1 -159843929 7414748
88 177 0 11074713137 429198308
89 178 1 -712186043 90194520
89 179 0 -2616180037 39888360
90 180 1 89662000964 1599893911
90 181 0 32590826329 435582302
91 182 1 -181260661496 3329272645
91 183 0 -204831849687 3820760672
92 184 1 -5420713713 571267340
92 185 0 238248209 6407940
93 186 1 1361923994 503134635
93 187 0 -44523003211 805891035
94 188 1 109492212576 2310759491
94 189 0 144005540935 1727147498
95 190 1 -31749317931 1629611300
95 191 0 -2885909217821 77982987969
96 192 1 254054087 202899939
96 193 0 2526855503 51996262
97 194 1 490083374 37742691
97 195 0 -24627204919 556017330
98 196 1 71140189981 881071950
98 197 0 50258579125 507618738
99 198 1 -56919367011 1563351268
99 199 0 -59226144854 1820116937
100 200 1 -4376677763 226128978
100 201 0 4449367169 260509599
101 202 1 -23941317311 1060801419
101 203 0 -17501815231 399365124
102 204 1 6437083805 248998411
102 205 0 65829619044 899593495
103 206 1 -9000477158 469557935
103 207 0 -50292838504 2605168305
104 208 1 -3320944063 310215530
104 209 0 4614925827 251041972
105 210 1 -9582898987 290418214
105 211 0 -30459339265 479893696
106 212 1 4514066769 140102504
106 213 0 8923772149 175926890
107 214 1 -18212635215 345730624
107 215 0 -20182709429 394973376
108 216 1 23448585923 2843765580
108 217 0 63427520791 1140720518
109 218 1 12946321365 624690971
109 219 0 -12211760464 319371191
110 220 1 167892303333 4382390948
110 221 0 35013626855 407640944
111 222 1 20396140189 1415160903
111 223 0 -21948254038 1060480213
112 224 1 716000663 357244772
112 225 0 467089279612 9383511489
113 226 1 15500612705 1037624469
113 227 0 -19993778086 478241799
114 228 1 13713841711 170607342
114 229 0 14755376263 148914492
115 230 1 -28243793201 799118790
115 231 0 -11598499829 370520085
116 232 1 -7940863407 408832115
116 233 0 53722446241 2845313285
117 234 1 -17286264323 821900092
117 235 0 -26899099717 637575172
118 236 1 9402196551 341728070
118 237 0 11741200329 160123040
119 238 1 -12926675954 680041591
119 239 0 -1678554695 84775124
120 240 1 -12389144165 1016277119
120 241 0 40133879117 1144016484
121 242 1 796342622 586738547
121 243 0 -20215620317 359590272
122 244 1 5754441682 88290921
122 245 0 24605625997 293027782
123 246 1 -5668195709 122580465
123 247 0 -32065068753 733208930
124 248 1 930605509 54771227
124 249 0 17758782744 271686155
125 250 1 18232414738 642217131
125 251 0 -38963604836 1370640087
126 252 1 30899967449 518909874
126 253 0 581947055 5423726
127 254 1 2034315754 128920701
127 255 0 -24139914589 1819212180
128 256 1 -20936576755 1047189717
128 257 0 8932722164 342082125
129 258 1 -274889000 59566563
129 259 0 -72826705405 1162112973
130 260 1 73474008353 1191601233
130 261 0 221579113321 2773703882
131 262 1 -60758842621 1072997659
131 263 0 -321156810328 6118223117
132 264 1 -10203668081 349654303
132 265 0 2773283947 279909271
133 266 1 -18132208753 610174054
133 267 0 -34641884531 694339674
134 268 1 7395493681 987451140
134 269 0 21493217489 394061460
135 270 1 -29413206981 813634850
135 271 0 -37876629215 1034561234
136 272 1 -12540778633 671214075
136 273 0 15411530761 1087818955
137 274 1 -10028127889 275340891
137 275 0 -23183665369 348097281
138 276 1 30586977109 1096079385
138 277 0 25788455297 544781481
139 278 1 -19332332783 333642524
139 279 0 -92746925217 1687770172
140 280 1 -9238690019 830554116
140 281 0 30087753967 853942604
141 282 1 1592978271 702353848
141 283 0 -59584393523 1080093608
142 284 1 26744355053 1505454284
142 285 0 179317242050 2806097517
143 286 1 -851789845 224185428
143 287 0 -12224494363 309581484
144 288 1 -5130578073 161262230
144 289 0 16279134689 1754064951
145 290 1 -84377509541 3166345119
145 291 0 -120498497319 1775722900
146 292 1 109867524596 2878108611
146 293 0 1025904760 18091297
147 294 1 -18079188912 327945545
147 295 0 -23552949274 402120247
148 296 1 -9805232797 262734459
148 297 0 -837860365 1007501313
149 298 1 -74908706951 1844109526
149 299 0 -142447632273 2415247798
150 300 1 8954718524 728043235
150 301 0 52276490646 1108724993
151 302 1 -52854980704 1361080797
151 303 0 -40758677236 908941407
152 304 1 -32824929640 2121334553
152 305 0 77197935349 2444312589
153 306 1 -22602931 20583920
153 307 0 -11334962957 190897168
154 308 1 14053073951 217864721
154 309 0 14436955187 173348006
155 310 1 -40608025125 815732752
155 311 0 -10783578866 223192635
156 312 1 -457432579 85165792
156 313 0 7985554089 199807748
157 314 1 1047870786 165192521
157 315 0 -29085051025 568580181
158 316 1 282130596305 5387646214
158 317 0 311439756221 3477697411
159 318 1 -4605506497 272915370
159 319 0 -1212034057 34818990
160 320 1 -89895390429 4074144614
160 321 0 8484460945 457488162
161 322 1 -51549735985 2632505152
161 323 0 -223753590244 3191014091
162 324 1 12606498707 275489685
162 325 0 95140081276 1461858951
163 326 1 -140177848581 2441806055
163 327 0 -107533936376 1964691405
164 328 1 -10801562827 293878104
164 329 0 249014851 557956776
165 330 1 -65147585083 1723669770
165 331 0 -33707161965 596539453
166 332 1 -8734402240 1507363923
166 333 0 8311386662 206884119
167 334 1 -5849016997 135928628
167 335 0 -4290470060 99789459
168 336 1 -7464810559 381430224
168 337 0 8995735353 803171497
169 338 1 -31853465701 807378449
169 339 0 -151222732267 2191943864
170 340 1 307522268174 12798315049
170 341 0 19550403695 456711658
171 342 1 -58702624480 961639293
171 343 0 -12932971634 227262291
172 344 1 -14140808231 558427458
172 345 0 6215397859 284992500
173 346 1 -8546808713 784689947
173 347 0 -16022940121 265571595
174 348 1 14843541851 3288959685
174 349 0 141705357391 2832677760
175 350 1 -2618835272 153426537
175 351 0 -86647774 1843281
176 352 1 -20226792755 1096387278
176 353 0 3312957735 113051393
177 354 1 -13099453151 1733223581
177 355 0 -53309181997 833021935
178 356 1 22237823021 385304439
178 357 0 19069927700 247669617
179 358 1 -54864016082 967042035
179 359 0 -41485544323 767349540
180 360 1 -15728706946 543599595
180 361 0 442017805 54484353
181 362 1 -3877407479 120318162
181 363 0 -2181503544 41901005
182 364 1 2505303987 488840740
182 365 0 7226037389 136579100
183 366 1 -21076519439 566035104
183 367 0 -20260802831 523832480
184 368 1 -26804107482 1884455561
184 369 0 63598495763 1936719256
185 370 1 -221120527 86757990
185 371 0 -1862894401 31763820
186 372 1 36278597855 566537532
186 373 0 345868084020 4244902267
187 374 1 -5749349019 111850573
187 375 0 -39621613714 845639855
188 376 1 -19043933903 1810966643
188 377 0 78738429741 2211390754
189 378 1 1429430071 1116687478
189 379 0 -20675590145 423475711
190 380 1 2595181 77100
190 381 0 125660690377 1565207100
191 382 1 -629159163655 58561338897
191 383 0 -2533911752534 76718711421
192 384 1 1664538941 1049459862
192 385 0 49541937511 987889314
193 386 1 647630073 46456427
193 387 0 -2077632993 48836363
194 388 1 151363373011 1886293857
194 389 0 105486767263 1072857009
195 390 1 -70621926883 1958656433
195 391 0 -45498563896 1462484123
196 392 1 -9357417739 478858800
196 393 0 4657082287 286381725
197 394 1 -18077581699 785722032
197 395 0 -48972032060 1148187393
198 396 1 56791243207 2132806946
198 397 0 207205583095 2800762214
199 398 1 -21961488589 1256007460
199 399 0 -12696595977 677077703
200 400 1 -906478499 71814780
200 401 0 9385707173 538571926
201 402 1 -186379130663 5586236992
201 403 0 -44553295369 704512662
202 404 1 27009378709 862808647
202 405 0 11882501907 242107180
203 406 1 -25950750073 474739748
203 407 0 -8842536487 172233964
204 408 1 9490179147 953459624
204 409 0 2899297271 51443414
205 410 1 21846377245 1032791412
205 411 0 -11501962785 317536844
206 412 1 4479367033 117484213
206 413 0 50046218280 587740153
207 414 1 18217061336 1193443563
207 415 0 -1134282781 54888526
208 416 1 -2603414841 86233610
208 417 0 2642818836 231466535
209 418 1 -17850787171 784143844
209 419 0 -6867398267 105514076
210 420 1 18872453431 462467947
210 421 0 19842431106 342241559
211 422 1 -62477879839 1211967680
211 423 0 -52317433341 953958976
212 424 1 -2518838401 70419592
212 425 0 154113745 62575704
213 426 1 -2827104589 70779540
213 427 0 -8515743167 143796820
214 428 1 5905121028 480560405
214 429 0 68411414753 1422119558
215 430 1 -17794421737 491589357
215 431 0 -2155512218 49224231
216 432 1 1434482611 431253160
216 433 0 39979736021 795217740
217 434 1 7867125109 465721536
217 435 0 -4350230973 107204566
218 436 1 61175980972 749324889
218 437 0 66790954708 667110653
219 438 1 -139275688281 4218328912
219 439 0 -113870625347 3778439760
220 440 1 5421144231 435694582
220 441 0 27968867131 471962724
221 442 1 15635190215 640145667
221 443 0 -11805161993 343448445
222 444 1 28480372357 389312409
222 445 0 174831716485 1602214782
223 446 1 212424195 364943696
223 447 0 -9363563512 607276845
224 448 1 81357454 137777885
224 449 0 4653942203 94896022
225 450 1 136455349735 11311377123
225 451 0 -49185156967 1093120006
226 452 1 49628247615 632281627
226 453 0 62102884419 636272116
227 454 1 -4868634443 132842452
227 455 0 -18669637023 537201478
228 456 1 -26426572747 1412098728
228 457 0 14753762122 842363355
229 458 1 -9149882923 412737220
229 459 0 -20399892201 474393724
230 460 1 16746561187 639988180
230 461 0 19745409247 271871130
231 462 1 -13412025043 688751190
231 463 0 -7300896737 380607045
232 464 1 -6198145839 499074920
232 465 0 1683563107 100891765
233 466 1 -111844888042 3446982195
233 467 0 -17808985588 277343395
234 468 1 27922464678 857913043
234 469 0 63265269896 1246210875
235 470 1 -24272457035 456242592
235 471 0 -34070987209 684591869
236 472 1 2272638216 267432781
236 473 0 18447613907 337577829
237 474 1 995604528 46865665
237 475 0 -3353917173 92610595
238 476 1 14803152002 379700865
238 477 0 32944500890 385213863
239 478 1 1838227729 122966644
239 479 0 -43039167629 2154981642
240 480 1 -588691483 42839269
240 481 0 1094570931 33475057
241 482 1 -65266881 46857428
241 483 0 -127376291779 2175931020
242 484 1 36128110310 552845001
242 485 0 31940402439 379760723
243 486 1 -3699726947 72247680
243 487 0 -747486499 15870336
244 488 1 -1748011327 68115013
244 489 0 552548445 46551139
245 490 1 -24706322933 867193930
245 491 0 -45982356049 936986346
246 492 1 7708604258 651396039
246 493 0 2607163733 44514435
247 494 1 -27165263381 850183914
247 495 0 -52431398009 1542832350
248 496 1 4048991863 574725407
248 497 0 14068587955 256215638
249 498 1 178884638 9956323
249 499 0 -1852297119 45447116
250 500 1 31988256807 381839893
250 501 0 9985581517 97979546
251 502 1 -89640779131 2830407900
251 503 0 -5119399458 178231325
252 504 1 62195257423 3358718160
252 505 0 44618991889 685896504
253 506 1 1485050246 49713279
253 507 0 -3359997170 121945439
254 508 1 189105942833 2991542190
254 509 0 28790940432 261036685
255 510 1 8135550439 486912412
255 511 0 -2421571173 236453368
256 0 1 -1175208127 1353517133
256 1 0 113834669471 2460388839
257 2 1 14480458711 1056071758
257 3 0 -111746115098 2562462375
258 4 1 43220584 581175
258 5 0 222308309 2378943
259 6 1 -6514485893 166246507
259 7 0 -69304149444 1923248845
260 8 1 -2716080716 108273213
260 9 0 33180291967 2269387476
261 10 1 -81807227069 3128097712
261 11 0 -31398834274 668354861
262 12 1 5411213041 245316336
262 13 0 8320025434 120354985
263 14 1 -32919255797 1395049260
263 15 0 -28841144197 1195043688
264 16 1 -8782961239 615259982
264 17 0 26464805 1601058
265 18 1 -5336915533 146616445
265 19 0 -19696854440 295314263
266 20 1 42079890560 1386762331
266 21 0 28529428042 592377025
267 22 1 -90015711073 1593734703
267 23 0 -63925122431 1200676170
268 24 1 5404573274 989835861
268 25 0 20575238183 400562400
269 26 1 2136396147 131412565
269 27 0 -11921494957 294711916
270 28 1 2166671443 66010175
270 29 0 57132655447 714869766
271 30 1 17584430983 2093432662
271 31 0 -38181584205 1385845594
272 32 1 -2344488753 79398550
272 33 0 2877294877 222288675
273 34 1 -34673026863 1331874415
273 35 0 -20754929063 311453280
274 36 1 48994642019 1222100556
274 37 0 19704558971 344181762
275 38 1 -15419533138 285487185
275 39 0 -99528454409 1761023202
276 40 1 -26828435503 761550120
276 41 0 736165723 420304020
277 42 1 -51524343154 1278473241
277 43 0 -66190315207 1124904495
278 44 1 1703688143 147100316
278 45 0 9142613781 197003108
279 46 1 -2000766575 50880731
279 47 0 -28662285379 621935204
280 48 1 1344674657 1027617612
280 49 0 3912843533 82855668
281 50 1 16124576635 1165634644
281 51 0 -24364439317 554520676
282 52 1 175081570199 2241603018
282 53 0 1003787279921 10301342130
283 54 1 -103231999802 2819777675
283 55 0 -46381586791 1383133829
284 56 1 9345689823 985212028
284 57 0 15565247619 279376268
285 58 1 10043262715 458221878
285 59 0 -14803320422 411720021
286 60 1 20383857399 301169492
286 61 0 38284870571 362518387
287 62 1 -252572969 103964765
287 63 0 -7965852068 396272791
288 64 1 -1225880719 55941990
288 65 0 5204583019 255107190
289 66 1 -8469704441 476915935
289 67 0 -165693642321 2432856692
290 68 1 15673275467 335737679
290 69 0 104684748985 1605283998
291 70 1 -28833104201 498865900
291 71 0 -47984239943 848963700
292 72 1 -45565245478 1327692135
292 73 0 13719507619 3409250532
293 74 1 -38851074559 1016539234
293 75 0 -92312396530 1626096883
294 76 1 -2908428009 867418660
294 77 0 72622031013 1722986030
295 78 1 -98136886597 2404428073
295 79 0 -111151469989 2751870535
296 80 1 -19722620837 1121415627
296 81 0 478997343 39677192
297 82 1 -51480456395 1433838791
297 83 0 -37839712649 558876906
298 84 1 50073877124 1812580679
298 85 0 57624500985 1325330713
299 86 1 -100693711829 1627787858
299 87 0 -419507802208 7296943453
300 88 1 -6943029339 294877660
300 89 0 145018535 6376696
301 90 1 -22268305310 1962435439
301 91 0 -411163829420 6827072729
302 92 1 4307387939 718987220
302 93 0 90816671071 1740131985
303 94 1 -29864449794 1803741533
303 95 0 -137508078097 2979018229
304 96 1 491533457 718486366
304 97 0 34784094403 724072778
305 98 1 8031134879 682013706
305 99 0 -70101553612 1563299781
306 100 1 42870715787 552599640
306 101 0 149727165263 1546223160
307 102 1 -28658656234 760658569
307 103 0 -15196838599 450910295
308 104 1 -13267778015 576105239
308 105 0 13135776491 816071794
309 106 1 -5131821507 210533167
309 107 0 -8971613043 197702336
310 108 1 67733933207 2790278704
310 109 0 59365331475 834624496
311 110 1 -59361311693 2956934370
311 111 0 -22194622733 1094142270
312 112 1 566309923 528809952
312 113 0 12521964652 261397059
313 114 1 2942001865 197857254
313 115 0 -16296355332 384215167
314 116 1 120118991873 1501034764
314 117 0 9693968970 99151901
315 118 1 -35441621827 1001353890
315 119 0 -34858917425 1094924049
316 120 1 -7638524577 3306595682
316 121 0 70326176543 1647666518
317 122 1 2998584738 318996593
317 123 0 -24266975718 582648895
318 124 1 7530710461 155011311
318 125 0 8990879609 92755299
319 126 1 1273153040 210521143
319 127 0 -521791156 31769259
320 128 1 -99790101199 4094966169
320 129 0 87573556178 4175355477
321 130 1 -3162113398 406559007
321 131 0 -225732027856 3589783677
322 132 1 32911409767 590855872
322 133 0 19332844703 265913536
323 134 1 -67298596289 1215120660
323 135 0 -47473807084 911195579
324 136 1 -6223031447 211888485
324 137 0 1198535909 165621330
325 138 1 -17535936115 511901229
325 139 0 -111227519413 2098769799
326 140 1 8364901436 1995543901
326 141 0 83285942477 1671326488
327 142 1 -157658446595 3955337559
327 143 0 -18542127941 451446444
328 144 1 -12006995273 768067737
328 145 0 8818813102 586480447
329 146 1 -35728607885 1001302421
329 147 0 -8118565460 124028123
330 148 1 23483706227 842940930
330 149 0 48355406872 1042571055
331 150 1 -58333229529 987607897
331 151 0 -32627487499 584337441
332 152 1 -50365218156 4244842687
332 153 0 18009436843 525602672
333 154 1 14680463 59495377
333 155 0 -16976693601 296239358
334 156 1 557797076 34365553
334 157 0 33928567007 536371004
335 158 1 -11500342964 1791771807
335 159 0 -6463133281 153505590
336 160 1 -6012820393 192797136
336 161 0 15132199627 1509321744
337 162 1 -39203620068 1462913069
337 163 0 -97677034188 1450356185
338 164 1 26413293241 681492552
338 165 0 30507993886 546095399
339 166 1 -116181653279 2145854568
339 167 0 -1784160839 31451816
340 168 1 -374970282303 10283279597
340 169 0 1870751821 13490365583
341 170 1 -18180268721 456711658
341 171 0 -20278794773 337748682
342 172 1 10716869545 823216182
342 173 0 60224231549 1300538873
343 174 1 -36102734758 919443305
343 175 0 -2189240374 47222901
344 176 1 -18527215906 873494153
344 177 0 26983803720 1031871287
345 178 1 -264320809 31492500
345 179 0 -11965108631 181057500
346 180 1 43620909279 782877403
346 181 0 15878686491 213143846
347 182 1 -343631567 6339519
347 183 0 -9707269357 181884960
348 184 1 -20401583135 2218048857
348 185 0 1553800636 41466645
349 186 1 2561264033 695174016
349 187 0 -60428401231 1113488256
350 188 1 311023471403 6507599001
350 189 0 407546210111 4864021278
351 190 1 -6880388851 367227300
351 191 0 -212402568877 5857732683
352 192 1 -167689313 123081958
352 193 0 8190352845 178041334
353 194 1 1804518640 182341887
353 195 0 -9755105618 205914007
354 196 1 14907484664 190358925
354 197 0 10592021867 109672947
355 198 1 -65340445973 1664707210
355 199 0 -39246628329 1109385082
356 200 1 -12539666179 595284194
356 201 0 10540096797 685791127
357 202 1 -15593879171 641518769
357 203 0 -11004123541 241515724
358 204 1 30492607362 1320669397
358 205 0 62794989355 892192183
359 206 1 -9006685448 436651985
359 207 0 -29172274067 1402661516
360 208 1 -712631513 56123910
360 209 0 3722232121 227091420
361 210 1 -6729164323 204473511
361 211 0 -42831840125 675753408
362 212 1 3608884487 112164792
362 213 0 3568983376 70422735
363 214 1 -11063532224 205295995
363 215 0 -1443389051 27592530
364 216 1 773971637 117369080
364 217 0 22358143929 414516844
365 218 1 158320835261 8661550174
365 219 0 -78029901317 1918013300
366 220 1 16575327625 469418973
366 221 0 48338982835 583246437
367 222 1 10297999868 806297847
367 223 0 -26046332447 1165979990
368 224 1 29257767 172576847
368 225 0 51885007184 1081411901
369 226 1 14428245311 1124085064
369 227 0 -22749322515 518091544
370 228 1 34306435301 430538190
370 229 0 36973121891 375794940
371 230 1 -21734041423 578891820
371 231 0 -12259507645 365937444
372 232 1 -6802289611 331021020
372 233 0 40903346843 2303778180
373 234 1 -103113240954 4717787009
373 235 0 -157419820312 3659743919
374 236 1 2601204341 95804731
374 237 0 3953201533 54189905
375 238 1 -9719556823 477130765
375 239 0 -20711384489 978217995
376 240 1 -8311717592 602050801
376 241 0 22681136791 677724636
377 242 1 -1181505459 851789786
377 243 0 -15390186883 261015168
378 244 1 18670805308 288716313
378 245 0 79975424345 958217446
379 246 1 -15877291489 332899014
379 247 0 -22493762891 497804707
380 248 1 4743206833 358842675
380 249 0 7190447627 116767950
381 250 1 5551682540 209748879
381 251 0 -74003279752 2437642575
382 252 1 117528466330 2054625933
382 253 0 15776891166 150326869
383 254 1 14550790516 1085897995
383 255 0 -19109776232 1220234741
384 256 1 11527985869 2631887743
384 257 0 81008342371 1605533266
385 258 1 4572490505 276189858
385 259 0 -74533182125 1796107306
386 260 1 120648681394 1451647629
386 261 0 342420421943 3379016866
387 262 1 -20276368046 607214999
387 263 0 -26594137545 908812192
388 264 1 -28192883657 1508028994
388 265 0 24621069223 1207224658
389 266 1 -16884056310 831453877
389 267 0 -38301778904 946142187
390 268 1 15467749454 517056925
390 269 0 35451894480 460549051
391 270 1 -12903306169 838103258
391 271 0 -19069101463 1203951046
392 272 1 -497828599 37539600
392 273 0 8342770287 425876080
393 274 1 -9961545427 329902986
393 275 0 -25181318077 417076926
394 276 1 88481408041 2684263440
394 277 0 69902189945 1334152464
395 278 1 -15138522987 291225724
395 279 0 -72173802829 1473199772
396 280 1 10099320169 832677972
396 281 0 50071553587 856126268
397 282 1 58382734921 2476574946
397 283 0 -57094157420 1697833973
398 284 1 30234568025 758168812
398 285 0 121557317173 1413191781
399 286 1 4181894476 230621273
399 287 0 -6095617003 351737213
400 288 1 -160253189 5542380
400 289 0 2447929651 200950020
401 290 1 -41197310099 1781338683
401 291 0 -64273128283 998995300
402 292 1 689541612505 16211573184
402 293 0 441830866117 7235124928
403 294 1 -95293909121 1880763810
403 295 0 -124788204595 2306154846
404 296 1 -25049605120 719276043
404 297 0 1528199646 919396667
405 298 1 -1529106199 40906460
405 299 0 -20903557389 375029060
406 300 1 14096809887 860475455
406 301 0 67135882495 1310403829
407 302 1 -34370432104 986391371
407 303 0 -26911004740 658720601
408 304 1 886445291 173137392
408 305 0 39713778263 761018232
409 306 1 3691746021 195138680
409 307 0 -501434430 12830081
410 308 1 90199977769 1065022188
410 309 0 43841495681 423702084
411 310 1 -3665208331 123115184
411 311 0 -3813829183 134742180
412 312 1 787440644 48147143
412 313 0 20319546285 329269108
413 314 1 35725746203 1285996556
413 315 0 -14030152337 476251360
414 316 1 113735333969 1525925778
414 317 0 110044132358 984977097
415 318 1 1936976227 349747398
415 319 0 -19359630067 1561747110
416 320 1 -105538050124 5470637255
416 321 0 13096207348 614301165
417 322 1 -16680687079 969596608
417 323 0 -159234155801 2350609978
418 324 1 21768582947 461400885
418 325 0 162818566156 2448378471
419 326 1 -60187321249 1110127226
419 327 0 -46038434369 893214846
420 328 1 -20550915992 584668151
420 329 0 2277642243 1110050569
421 330 1 -114809105507 3166941030
421 331 0 -60239272638 1096036667
422 332 1 -7778228943 2050367165
422 333 0 11868505431 281410745
423 334 1 -36397054087 902661644
423 335 0 -26697130973 662672157
424 336 1 -3064941337 171994032
424 337 0 4690328154 362165071
425 338 1 -19398412627 493202862
425 339 0 -46107368825 669495816
426 340 1 199559545435 7423142844
426 341 0 6047861321 132448524
427 342 1 -90626757579 1532276716
427 343 0 -19919680861 362119892
428 344 1 -35771933763 1659871330
428 345 0 333378011 13032500
429 346 1 -10539012677 1092256007
429 347 0 -21843737941 369664695
430 348 1 6522718414 926114859
430 349 0 41919786497 797633664
431 350 1 -3547918676 252683451
431 351 0 -1468619282 33393393
432 352 1 14075875403 2700869298
432 353 0 456056793 8608769
433 354 1 1543631530 95007181
433 355 0 -24552024435 614365414
434 356 1 81710260949 1015977792
434 357 0 65115118883 653059776
435 358 1 -31814664592 929061637
435 359 0 -23276323661 737212028
436 360 1 -341991199 18295005
436 361 0 1110628952 60511671
437 362 1 -7752599725 357517281
437 363 0 -20678721143 498024010
438 364 1 20084530715 671339312
438 365 0 1787885134727 23010264146
439 366 1 -11720889739 808962480
439 367 0 -6616467049 415253824
440 368 1 6385880799 933378118
440 369 0 25853974517 479632264
441 370 1 4105221733 226753530
441 371 0 -21572776039 571535988
442 372 1 25514925323 303948876
442 373 0 692700742274 6832203693
443 374 1 -1848205382 60300645
443 375 0 -2379959591 91179915
444 376 1 2289920939 1245774867
444 377 0 72957971017 1521229026
445 378 1 19266140963 1409896754
445 379 0 -19482599740 534667973
446 380 1 37313085653 648661575
446 381 0 38203755215 366842736
447 382 1 15880744151 1369226835
447 383 0 -9315131787 871497301
448 384 1 2827696098 948942155
448 385 0 30668363611 595007548
449 386 1 6424995165 451604218
449 387 0 -20060735535 474739642
450 388 1 121152137843 1487267697
450 389 0 84200525567 845905089
451 390 1 -20057758121 571952609
451 391 0 -28304241367 939564538
452 392 1 -21576032927 1189608560
452 393 0 2513651344 142289189
453 394 1 -3827236775 170467504
453 395 0 -41945001667 996426884
454 396 1 19549494763 747644966
454 397 0 72164257639 981793394
455 398 1 -18358507397 1147971257
455 399 0 -11875481363 688090678
456 400 1 -1219038821 93976920
456 401 0 24072037105 1409551928
457 402 1 -253672347483 7570483520
457 403 0 -60516319373 954757470
458 404 1 21477019787 676544155
458 405 0 268601141 5424020
459 406 1 -8871736694 162356047
459 407 0 -431844677 8414603
460 408 1 10758896989 1108204760
460 409 0 7736394249 137877212
461 410 1 10675481363 490173036
461 411 0 -5364564719 150706132
462 412 1 4317302649 112341370
462 413 0 48025643699 562011970
463 414 1 13077342034 863188053
463 415 0 -6953011475 334610122
464 416 1 -37220568331 1268788280
464 417 0 16718295455 1362262472
465 418 1 -12639740917 576428567
465 419 0 -9966683599 155127986
466 420 1 82193057686 2043518901
466 421 0 86790857759 1512271497
467 422 1 -189411125 3725183
467 423 0 -27779522201 513126355
468 424 1 -13581638054 380894113
468 425 0 1742823575 676934262
469 426 1 -11675704543 295249500
469 427 0 -105852880207 1799500500
470 428 1 9088407979 678107040
470 429 0 49385208077 1003359072
471 430 1 -33651621472 911084543
471 431 0 -12186716687 273688407
472 432 1 935069819 277226607
472 433 0 9440513066 187606391
473 434 1 2120248097 116776384
473 435 0 -33289468064 846744801
474 436 1 30753665936 372891555
474 437 0 33513842552 331978735
475 438 1 -78314420078 2324769415
475 439 0 -13129001671 426178880
476 440 1 3865466563 317918338
476 441 0 5928394757 100527885
477 442 1 1818169586 72167669
477 443 0 -3903256448 116157345
478 444 1 29826104807 405252564
478 445 0 91364661895 833908236
479 446 1 413171829 493560496
479 447 0 -1004897507 66269302
480 448 1 -1696607107 786320788
480 449 0 1860777383 40171846
481 450 1 6800590609 642025461
481 451 0 -12472737903 268518173
482 452 1 115281890853 1514080921
482 453 0 145131573201 1523636668
483 454 1 -85167123073 2193126710
483 455 0 -100501456311 2721266245
484 456 1 -26281479503 1214670792
484 457 0 10573529783 724591095
485 458 1 -10538283929 419107885
485 459 0 -22148246812 481716067
486 460 1 34935905603 1431429588
486 461 0 26357807023 372130470
487 462 1 -11267130751 528935055
487 463 0 -32037901292 1522023083
488 464 1 -29069778889 2213272344
488 465 0 7146255796 447429723
489 466 1 -5402345869 166789237
489 467 0 -38743194727 603892065
490 468 1 27281494016 852524285
490 469 0 12438315254 247676625
491 470 1 -11434057897 210495456
491 471 0 -48218000243 947545101
492 472 1 19227559567 2901257983
492 473 0 122986784992 2331277239
493 474 1 7655511169 412230805
493 475 0 -31678406342 814603615
494 476 1 6540369655 184612191
494 477 0 8711989429 106317201
495 478 1 5016005585 393506964
495 479 0 -50971991267 2298727134
496 480 1 1848603901 337672775
496 481 0 29497738005 568119013
497 482 1 24842293233 1463505382
497 483 0 -11185125221 280008032
498 484 1 65710758803 783850890
498 485 0 55237784579 538443470
499 486 1 -7228054219 228886020
499 487 0 -85170583339 3100501580
500 488 1 -34799022215 2038864881
500 489 0 28515256717 1393400343
501 490 1 -4290671179 222987590
501 491 0 -9595554767 240933798
502 492 1 159039556885 5210284164
502 493 0 13832777321 179054512
503 494 1 -4904409466 357954405
503 495 0 -7099839499 451117863
504 496 1 832608967 105473200
504 497 0 40875167887 733174960
505 498 1 22266984419 1076130930
505 499 0 -93410683951 2456079780
506 500 1 51935871817 609141201
506 501 0 16162184165 156304722
507 502 1 -7364751923 249066896
507 503 0 -34617497783 1300300701
508 504 1 1279607794 56456371
508 505 0 22658497135 327630086
509 506 1 13432179736 385848741
509 507 0 -200030064 8845583
510 508 1 86157522263 1120961436
510 509 0 45549767920 367520497
511 510 1 5123721331 181307912
511 511 0 2804238793 2111340994
